nBuses = 80;
nDrivers = 80;
nServices = 150;

start = [27 1419 1092 778 650 1270 509 245 1283 1325 988 45 1083 1213 1390 796 509 1378 1175 686 741 298 261 1237 264 577 309 941 756 1252 518 471 324 714 649 97 1331 553 825 56 789 1173 290 656 541 141 830 240 213 347 1037 283 1076 379 866 175 1344 1077 788 501 939 4 815 367 351 954 337 375 833 827 805 572 1407 949 257 1247 1411 1359 316 737 247 516 1100 65 1343 1431 1008 55 22 202 1288 640 936 1057 514 864 21 1388 1109 178 1284 123 129 969 154 68 261 1212 671 928 1095 503 1044 1245 1122 829 982 121 1337 434 1151 935 184 477 624 834 570 470 267 888 321 131 1110 985 1161 441 809 95 1400 941 1208 532 256 311 1374 1132 1040 25 1131 1011];
minutes = [235 268 143 169 155 232 132 159 197 203 216 198 139 239 163 224 259 152 253 138 204 167 152 152 154 139 271 255 273 173 262 173 155 266 148 219 202 210 190 236 233 166 172 153 241 141 203 140 180 256 228 160 220 155 195 159 200 132 191 146 137 245 170 231 248 218 219 207 213 248 192 259 172 147 151 185 157 135 257 251 204 153 218 240 182 269 179 264 228 201 199 209 141 141 192 261 196 184 244 134 173 172 142 199 168 242 183 152 225 181 149 261 251 271 146 140 212 165 265 259 274 188 252 164 162 220 237 229 219 127 275 150 248 142 239 131 131 137 201 135 195 216 214 227 186 217 214 245 220 165];
kms = [396 390 271 271 296 398 137 176 241 252 421 267 197 453 203 403 374 252 423 240 220 221 300 206 269 270 449 321 400 275 289 259 183 299 162 406 389 341 360 266 388 228 294 176 391 215 277 217 311 313 286 295 312 193 319 185 367 172 358 176 272 401 207 307 414 297 334 308 294 334 229 371 246 161 157 191 196 228 482 295 283 305 429 249 292 508 330 310 304 238 240 300 261 251 217 394 261 314 368 238 185 324 251 280 301 463 285 187 378 283 287 452 371 388 151 244 225 248 392 417 317 373 377 178 253 244 375 318 256 194 388 238 468 252 388 241 195 226 288 169 352 304 361 272 369 224 386 414 251 165];
passengers = [65 61 73 63 46 47 59 68 70 73 74 56 62 72 69 56 59 65 62 46 62 72 68 68 53 61 67 56 50 67 62 57 69 45 53 69 73 52 50 54 72 50 47 58 47 53 66 46 69 49 60 53 67 73 69 47 45 65 74 74 75 49 61 65 69 70 48 46 55 59 57 47 56 64 72 53 66 59 75 53 48 68 69 74 62 54 75 61 53 75 67 74 71 50 46 74 58 49 74 57 60 72 53 50 50 70 61 47 64 74 50 61 50 50 46 47 55 74 50 49 57 48 65 66 49 68 62 57 49 46 67 54 62 69 73 54 48 47 55 53 68 73 65 70 45 71 65 47 71 48];

capacity = [237 248 186 209 241 270 255 211 241 266 205 252 252 188 243 265 211 247 258 236 250 190 203 224 225 273 207 242 182 243 248 229 194 231 194 258 257 212 204 223 251 211 257 236 185 187 249 250 248 272 272 219 212 258 211 216 269 202 246 248 227 235 200 247 253 178 190 221 223 243 214 232 274 207 182 175 214 204 257 263];
costKm = [0.113366116504 0.188170312228 0.155181355245 0.153592283161 0.0437616303657 0.146476490665 0.032393336991 0.150853602793 0.0952739563234 0.164870091458 0.140746111922 0.126455039042 0.013656285167 0.119812635302 0.160959224034 0.139738080188 0.0548393658406 0.108022719848 0.0287562921092 0.0159444383046 0.129204192544 0.0204179049479 0.0900514069469 0.0942047148419 0.140905987618 0.102622351148 0.167848038802 0.133541146363 0.0253697630212 0.107246877674 0.137955835574 0.111718525891 0.0954962049255 0.0107901699337 0.0243168714035 0.0419059864147 0.0126804580743 0.114232229922 0.19761252683 0.0197610501189 0.0427839767417 0.0431271822907 0.0114826749977 0.158129239428 0.0160360640733 0.157846456075 0.144392824738 0.0287179644037 0.0464824349615 0.0393907778588 0.166063482832 0.0696991391757 0.146595769758 0.103810960048 0.125620367367 0.0472640479771 0.0862817637063 0.0986729799859 0.0771393613307 0.0879652150992 0.179949669052 0.107518448149 0.127800468413 0.138930874193 0.0294421612699 0.0287161480214 0.126803649697 0.0472060498968 0.13178704634 0.0184166351564 0.141289991241 0.0909391346011 0.106793538576 0.172597531605 0.141919471662 0.0122880701085 0.143944470064 0.131232619779 0.170470109665 0.121166796061];
costMinute = [0.0973809948125 0.107169581127 0.195966792923 0.0158243525943 0.101443140661 0.136328408532 0.0367030663801 0.154574465908 0.0954615408497 0.16139908732 0.103434800006 0.127857340126 0.0986461267541 0.105098757271 0.137004595834 0.0754028953629 0.103352168823 0.0218441267372 0.1382066268 0.076676498478 0.102105766855 0.050399192466 0.0168403949696 0.195074121931 0.168853818411 0.0811234391458 0.0880054325604 0.0616639990953 0.0643038245436 0.066771961558 0.047625417421 0.118853973083 0.164360142728 0.113084229723 0.187843193616 0.123033824085 0.177766293629 0.16773295289 0.160772113505 0.156708467397 0.184260987042 0.0472075650351 0.107997644234 0.0431351021011 0.019274103448 0.198434792818 0.182031587067 0.0869061547375 0.0905489719394 0.193307578802 0.178021594164 0.13577408289 0.089257392027 0.155330021016 0.134500028349 0.141765214091 0.079936561716 0.0470836011758 0.142590447534 0.123678197466 0.148780861449 0.122972403629 0.149788392759 0.0340602286584 0.0736391456322 0.0752135693194 0.0483573049351 0.143764357296 0.191077793615 0.011437470461 0.044069200164 0.134981948086 0.110402023211 0.0280118867571 0.182227864229 0.0849464445934 0.136813044682 0.0138451159486 0.0465037480784 0.169736589679];

maxDrivingMinutes = [525 616 523 405 605 493 530 570 399 502 530 397 414 639 558 543 470 620 397 468 549 498 478 436 573 538 436 487 577 538 609 581 466 480 515 609 639 425 375 420 461 555 545 378 596 425 538 442 465 631 399 526 388 378 480 618 498 515 641 564 444 466 472 384 622 470 397 553 500 598 603 626 519 478 395 416 631 626 463 555];
maxBuses = 1575;

baseMinutes = 200;
costBaseMinute = 0.2;
costExtraMinute = 0.3;
