/*********************************************
 * OPL 12.6.0.0 Data
 * Author: Sana Jabeen
 * Creation Date: Nov 8, 2018 at 7:14:48 PM
 *********************************************/
nBuses = 250;
nDrivers = 250;
nServices = 425;

start = [1299 582 90 26 463 226 1043 548 1302 98 1138 441 849 1318 954 1313 295 1212 1432 1392 71 342 119 582 1417 1045 644 713 607 930 902 5 987 175 1299 1193 701 580 450 874 769 1387 770 401 1237 107 1125 985 1337 1018 1429 1073 743 485 1284 747 339 607 1200 1350 1157 1013 46 694 700 688 98 742 553 486 633 219 421 822 415 931 610 863 964 923 408 1363 1068 287 1100 1370 1116 0 1101 1431 631 456 758 1226 449 1072 456 222 1249 683 141 1193 1405 1304 1316 350 96 103 123 1223 1269 226 1318 362 124 1290 1263 1405 173 160 539 755 1135 408 642 1120 245 444 148 235 1190 561 944 197 139 1131 1197 831 991 1100 1354 1222 695 306 1421 931 1382 1333 237 357 451 506 876 1219 436 1028 983 616 1083 90 592 207 901 1196 674 1360 126 787 906 356 158 1276 62 155 1166 1303 1428 1351 152 527 1272 413 1230 536 982 211 14 609 1198 1404 596 1005 793 344 861 310 1293 89 78 1099 72 1153 741 1067 1179 1034 909 903 81 968 1416 94 449 742 1106 785 1166 256 101 897 1061 1067 344 301 627 613 1322 52 1388 101 389 1351 96 1335 343 631 522 341 865 541 1421 1073 616 1349 1260 841 376 342 1146 1430 746 348 548 231 209 1141 1296 1412 498 1093 185 1356 1165 1016 1316 897 752 1008 892 1258 673 392 1142 760 12 302 1242 1378 600 202 119 1070 976 760 620 846 888 549 354 1223 664 49 1119 663 402 1091 741 241 687 553 1129 909 1070 1398 859 1309 441 9 515 55 1433 263 786 11 444 1093 107 706 107 1105 727 7 1360 1351 439 225 346 1205 840 850 92 607 1014 252 193 1432 1109 252 1263 212 309 158 1429 124 467 945 738 811 1042 804 1311 128 956 9 1254 29 357 518 1064 365 262 788 709 664 383 1020 74 966 513 276 1051 1333 1095 1422 26 152 39 442 690 943 22 511 403 973 195 1373 1029 614 1410 964 969 490 1370 1106 724 255 1436 1025 1294 304 514 1232 1327 178 904 1152 63 1386 64 1235 1271 1001 52 349 444 1256 554 819 1308 1428 336 652 981 1234 1402];
minutes = [297 300 228 341 313 295 253 361 368 324 344 256 333 339 276 338 253 266 257 371 353 269 297 298 253 297 279 311 230 248 246 329 248 275 304 238 268 313 238 250 244 318 230 256 322 369 314 320 240 287 335 317 241 366 300 290 264 284 340 247 249 256 368 239 305 271 355 292 302 360 346 371 225 336 369 271 311 337 245 261 344 266 322 235 255 304 367 262 277 248 296 299 263 244 307 254 234 336 312 347 237 298 359 253 291 356 313 352 364 295 350 358 299 269 234 300 296 346 317 292 316 280 277 243 274 233 298 316 228 249 361 345 286 245 245 279 253 229 260 280 276 255 306 242 310 360 325 367 294 255 369 331 303 256 250 309 313 241 254 295 265 252 351 374 262 258 253 258 303 356 269 350 338 337 287 368 271 232 373 274 241 335 306 266 268 303 317 308 263 256 317 296 259 303 226 337 333 307 367 273 314 300 250 232 307 228 302 316 250 300 235 346 352 264 348 360 333 273 292 321 285 230 334 316 256 337 307 261 296 362 294 355 282 337 326 317 373 282 332 287 348 338 366 248 322 343 274 342 373 245 333 331 272 353 289 364 295 275 336 304 314 261 235 350 336 273 347 353 358 279 262 368 355 281 362 305 311 358 308 291 267 340 251 281 361 343 328 295 262 268 309 342 232 347 250 326 247 265 297 281 347 227 310 275 254 347 341 254 355 256 374 318 259 365 263 274 369 274 365 249 314 330 300 272 244 346 354 317 231 236 320 260 252 312 234 226 299 344 266 291 361 282 332 297 342 258 353 225 371 276 280 350 283 225 353 234 364 234 292 278 273 334 248 243 363 345 346 264 361 341 296 272 358 373 288 301 226 357 294 358 357 270 233 321 241 359 287 366 279 260 349 351 286 242 337 225 301 269 226 324 225 356 231 374 360 329 352 357 371 266 353 306 282 297 368 253 339 308 329 335 288 234 295 325 313];
kms = [487 463 362 651 535 346 431 524 621 352 504 418 482 547 289 533 368 448 461 494 523 291 385 488 456 451 397 366 249 302 449 599 419 395 509 337 357 378 390 347 316 535 296 390 625 438 397 577 430 442 655 476 432 621 465 355 340 452 623 472 254 287 736 244 610 402 678 447 540 424 627 517 291 564 578 365 441 471 277 424 609 299 521 419 391 569 475 424 435 475 524 394 299 420 506 482 300 483 467 599 450 476 630 490 582 618 624 698 644 375 669 657 506 445 252 463 520 527 497 568 398 334 444 433 507 363 432 566 434 485 486 558 386 468 440 552 487 234 347 368 310 363 494 471 454 516 381 715 433 383 643 633 451 353 334 495 539 402 384 512 400 267 584 465 472 348 495 515 356 524 502 584 427 607 488 575 338 289 448 310 470 459 457 530 306 448 547 445 302 332 453 482 478 392 406 505 430 529 530 369 426 314 356 403 356 357 559 364 296 419 282 646 388 419 546 551 512 384 319 329 558 242 530 506 307 569 379 384 461 696 491 525 399 445 651 575 692 547 655 325 461 406 383 491 341 670 391 663 514 478 580 360 327 638 565 417 581 348 409 507 602 438 445 386 358 362 643 410 402 302 487 485 382 312 485 578 492 524 555 481 332 595 441 545 632 641 504 381 356 495 448 581 237 477 468 502 359 430 538 551 450 331 423 382 497 615 450 507 633 389 524 418 403 429 393 385 434 541 495 483 617 597 437 272 469 597 468 524 438 277 357 286 401 379 411 297 418 367 525 441 388 511 451 306 384 362 517 352 418 372 543 618 426 255 516 266 691 394 361 289 377 659 381 413 560 655 642 502 397 456 529 465 444 557 512 461 444 610 536 432 490 287 423 541 477 609 500 623 538 366 473 576 302 334 513 238 328 530 313 486 256 385 365 737 532 517 385 379 483 310 604 529 342 322 398 308 451 567 431 483 439 418 560 402 360];
passengers = [108 169 266 184 239 303 243 286 300 117 273 115 341 195 119 113 360 231 361 66 82 116 286 153 187 345 247 331 335 100 69 236 159 347 226 203 68 252 239 78 176 126 362 137 243 112 369 346 149 230 332 233 132 194 179 171 194 355 322 136 284 323 229 313 93 198 180 349 199 163 180 113 331 134 194 105 187 123 234 180 294 65 146 228 215 356 225 116 144 116 191 172 74 163 296 188 244 283 240 332 66 117 66 212 304 278 333 305 226 181 138 278 330 151 296 230 313 101 166 327 133 185 107 169 141 136 287 94 197 266 76 251 241 136 274 321 207 153 343 255 211 116 163 322 68 214 207 88 321 175 357 99 236 186 261 156 111 244 177 143 357 242 184 209 192 295 139 361 235 126 227 147 372 355 213 129 172 299 346 231 67 246 222 98 372 310 181 108 154 332 176 87 325 260 281 256 274 373 93 313 310 323 205 88 338 170 70 107 249 327 100 183 326 231 351 211 185 335 201 325 74 267 106 165 102 159 327 102 298 307 311 195 371 212 68 354 308 286 159 76 275 233 146 177 245 67 178 114 338 182 79 263 169 209 282 354 115 312 355 209 327 186 178 341 359 333 123 304 254 334 87 171 186 134 75 310 346 298 319 236 96 221 81 361 167 146 340 118 228 132 230 327 370 303 128 140 328 151 101 151 186 175 356 194 97 109 332 296 110 271 152 102 179 137 199 164 126 267 285 87 322 119 240 310 249 215 100 347 171 247 83 259 164 119 166 131 203 272 276 341 301 359 312 372 140 293 291 243 89 177 360 350 187 102 274 197 103 75 296 183 104 96 351 357 194 193 130 170 127 162 166 142 259 141 312 113 339 299 216 295 340 273 187 354 311 161 102 212 342 117 152 121 335 301 141 121 336 114 205 73 311 216 173 293 103 295 329 294 197 297 231 266 370 347 141 231 323 123 317 159 360 305 152 123 124];

capacity = [298 297 290 300 318 293 275 354 359 335 321 304 332 353 325 342 296 347 353 285 288 370 314 334 332 364 359 365 280 309 284 361 334 284 322 366 311 281 346 372 320 285 280 349 296 333 373 363 302 309 360 362 342 297 361 361 327 366 297 298 347 276 289 296 332 282 278 374 317 321 298 281 280 281 345 363 371 345 348 366 290 287 365 362 354 286 371 298 331 316 368 311 287 292 296 353 343 292 304 317 348 307 354 306 312 308 288 365 278 325 339 366 314 332 283 360 337 359 327 367 363 321 293 287 363 375 328 299 291 354 366 304 300 360 308 363 319 307 365 282 372 285 306 315 342 342 369 307 353 340 282 315 360 300 316 346 352 374 335 302 317 349 331 293 298 307 364 362 295 355 355 345 275 289 319 356 276 354 288 294 345 294 349 368 356 369 340 276 322 340 288 307 291 330 316 343 365 336 278 307 291 281 325 360 324 325 303 332 374 330 364 315 298 299 354 353 374 346 336 319 371 361 336 373 314 275 345 326 310 281 368 276 293 313 323 339 312 344 329 355 352 370 288 337 352 301 293 361 325 337];
costKm = [0.137907487481 0.105318858445 0.0306762206187 0.166225245976 0.0818897341307 0.18845195753 0.164185820984 0.133711115132 0.182379180123 0.122483286674 0.118418078041 0.0210203958084 0.179618499141 0.0883156123504 0.0284163596641 0.171178736602 0.020256297626 0.172555904375 0.193892782673 0.0529873658583 0.16276985143 0.175053761265 0.026702486287 0.0818546731628 0.0924685389682 0.120930982647 0.154575051357 0.0684995331101 0.0546603730716 0.0480074268584 0.103076726835 0.10828870505 0.0202799054283 0.0370228425997 0.013866582147 0.18702692677 0.0810043201915 0.172398734866 0.0279225263406 0.152019277304 0.198357632975 0.192685843049 0.0644851498795 0.0939307458829 0.157899985951 0.123685980112 0.123569871897 0.144561990432 0.0551613228377 0.0496627519664 0.0785370685752 0.0989426442319 0.112505211598 0.0632012585258 0.0754665316466 0.183558504885 0.129396473006 0.0384596526472 0.174484010565 0.181206420918 0.115517938441 0.129616612225 0.108227683784 0.177766803593 0.101629418569 0.176179383758 0.0410423881884 0.077006180939 0.091202373739 0.184641026624 0.180127278066 0.176291331425 0.141456680042 0.0286262147715 0.159191621586 0.0319789079387 0.156938580114 0.0640686201067 0.105544854467 0.0392675528555 0.0169463062633 0.163824449666 0.0448798398901 0.176971103941 0.14867126126 0.0331590146624 0.129469854202 0.0812488283274 0.141910110712 0.158109211448 0.0503431385653 0.034513134583 0.0632499948766 0.142896722253 0.125403035567 0.10201322567 0.0584634682027 0.104807411116 0.114429132193 0.0251766793901 0.11474993054 0.167969310634 0.179950606606 0.0994831506098 0.0321410243975 0.138500564413 0.0922501588297 0.154766848384 0.113799809243 0.0837518691375 0.163536347678 0.195785232827 0.111894582976 0.094718904365 0.0418472377011 0.147186779273 0.191953068716 0.0617078720958 0.0872203715043 0.196012192818 0.126823199524 0.152893917214 0.128764955008 0.0717712133776 0.0757536189622 0.153955141666 0.116363449094 0.105167933755 0.099635649221 0.0350882696002 0.0650186564653 0.0360013093219 0.0955544267841 0.0739895214064 0.0565813451593 0.1705450472 0.0364428533332 0.166100110842 0.0176789939008 0.0411048092658 0.189841244935 0.150871516916 0.0743770040468 0.129797075619 0.181038787889 0.122109397088 0.166122608079 0.18159746093 0.191726168484 0.0537002132697 0.0412511267875 0.125032805256 0.123699962348 0.151816633185 0.0920564354594 0.0382822903941 0.0857579650102 0.0832649790529 0.0375585022995 0.17397403746 0.0954120116998 0.0673612640729 0.0978882558404 0.018528033363 0.117653269487 0.187131065809 0.198780961174 0.156482473031 0.146915716523 0.100193702345 0.0989188853693 0.0626202159389 0.050672482894 0.110119748384 0.125343075627 0.178910223644 0.18024938234 0.0610480743689 0.161776201547 0.123234782858 0.0431324045063 0.148683630536 0.0829801444846 0.143981233256 0.0763543057723 0.145964916619 0.0782364485353 0.0855817733741 0.0351942873344 0.0278976686335 0.0833503006903 0.132295847311 0.1285575952 0.0808696511094 0.166362394519 0.0993485453099 0.0351327969444 0.163585564984 0.0921542490719 0.139220611653 0.13151699355 0.0655471771629 0.172763131893 0.076201647804 0.120087259868 0.0159145124623 0.0281671783078 0.141293217882 0.0990919817552 0.0846069799733 0.0499419173629 0.0160677171731 0.163000029506 0.194768253517 0.133827423393 0.165638702831 0.139582620589 0.168604319407 0.0653234703446 0.125800260927 0.134682654776 0.140330605716 0.0734045134952 0.169963874777 0.164878144615 0.0271109710031 0.114862684099 0.0807926700708 0.0755587724784 0.0321836907778 0.191089280575 0.0607290106397 0.189639691603 0.112902084478 0.0299196616264 0.0749154493051 0.144631535994 0.0396164347604 0.0668493052053 0.192951464782 0.114887049244 0.172080135548 0.161791932106 0.0247459969435 0.039237283776 0.190843227171 0.175899223072 0.114231561982 0.193543914139 0.140179315127];
costMinute = [0.115963505366 0.186809557903 0.186467644356 0.117910583023 0.154411934396 0.0846299784442 0.194093209627 0.159233793635 0.0581501594891 0.104218500273 0.063598289315 0.0608697713147 0.0624037030136 0.0684532408886 0.0908932148298 0.017608456578 0.0927351440755 0.134819451102 0.041731767006 0.0611215965139 0.0417930145619 0.100184597647 0.152728859628 0.190539587412 0.0821533464743 0.0764959008895 0.173751047344 0.0114397477744 0.0283561373779 0.162855125118 0.117091701866 0.179985070999 0.0978356399635 0.038358689568 0.191514305532 0.0137088791535 0.18596984222 0.186529710958 0.0763440054402 0.157320093334 0.0934506039539 0.0811408452589 0.102762044008 0.107991133973 0.032464899061 0.0916285445994 0.0501076622621 0.171091657568 0.0164742404423 0.0244656522495 0.0959811594878 0.095167329509 0.143700857131 0.192992825179 0.183354634236 0.0323436818578 0.0209470154711 0.0492353640245 0.124100550016 0.196525635321 0.0227022959809 0.0998532050311 0.0464242698293 0.0104942349498 0.119114158014 0.0286553573163 0.187230183196 0.03007180708 0.075477113484 0.174531542367 0.0303673969033 0.0302725147199 0.0311741021665 0.10885856107 0.060594472868 0.123401361473 0.17763531951 0.0215839504717 0.138581593546 0.165910808567 0.0894787300746 0.0996892337134 0.118141208404 0.155123982036 0.0445898680527 0.120924247877 0.107080268718 0.143466794965 0.101451835766 0.1275755111 0.0621831984627 0.141681995518 0.155313541169 0.165576576833 0.0287658617907 0.188460296327 0.0367694961391 0.0401588550433 0.0560466749211 0.0125655367084 0.0593043626312 0.109031088822 0.110568292117 0.0483695579671 0.176831600871 0.0993485144633 0.163201302527 0.165426340602 0.0173537014912 0.14739028943 0.192416128608 0.0435637031072 0.0512082822294 0.032990893615 0.167119054636 0.0108195309575 0.018225249046 0.0156259808918 0.125568923909 0.049486112501 0.0954161518958 0.120467440448 0.0956936131336 0.106325444441 0.136077286915 0.180517484047 0.0431744329939 0.036462853738 0.160195764118 0.0580823670155 0.168798176913 0.155616890308 0.193118793391 0.0946629749977 0.176926936018 0.0937647353226 0.0147185085039 0.118440657364 0.0214915961526 0.169357346271 0.172986978739 0.0101156393615 0.106648794599 0.0855795602834 0.0453826290802 0.104499260159 0.0747261202836 0.0842270686508 0.179205471259 0.0126722666228 0.171795087837 0.143030492227 0.0204333832571 0.0234600414456 0.0984736657434 0.0534975952565 0.144241331161 0.142726837419 0.0187760388435 0.115331492411 0.088370755127 0.198954667797 0.0611216814413 0.185085972252 0.0614559510438 0.192522582824 0.163690855852 0.0153490701185 0.0737252269589 0.0643711920132 0.101853811158 0.181269513483 0.112542164921 0.197792529818 0.120188483511 0.147675436367 0.184985391654 0.158655437376 0.197390156717 0.0424395781117 0.133518404743 0.159748153401 0.159897874267 0.12983304062 0.0370728475005 0.0456697486426 0.113172126347 0.123804912897 0.0547290256165 0.0880261635786 0.163349476131 0.135629119759 0.0547616962517 0.147149664477 0.0689138057848 0.0626787248595 0.103868911964 0.117271252416 0.128781734689 0.0944251620417 0.188315268886 0.134983779404 0.0270348208717 0.0876808140322 0.058657070132 0.136325864996 0.197355788104 0.12470778413 0.173507527438 0.175138429371 0.0148686682041 0.0844120780835 0.18104471573 0.019433214705 0.0602504771365 0.0818827714107 0.0180825521417 0.134057218899 0.084783946331 0.067773571906 0.149863685785 0.0332269420909 0.140759680749 0.137753497049 0.108321682898 0.0948252749391 0.165397274439 0.0515764323508 0.176291235082 0.0101972736037 0.156179253789 0.192670212973 0.126449915676 0.162654653154 0.126443081383 0.0276180114833 0.0502398109126 0.0504151317944 0.190313808167 0.16774660301 0.0200814860851 0.104052585149 0.0304533793981 0.194286312761 0.198439029559 0.0108269117271 0.0255188359842 0.180512320728 0.157754015808 0.0264522192643];

maxDrivingMinutes = [771 698 630 783 525 793 686 603 661 700 572 773 589 644 754 671 775 787 591 695 540 732 584 761 540 722 754 639 782 601 532 673 698 516 727 576 768 613 547 651 732 727 732 588 792 683 766 605 783 576 518 516 579 705 595 666 552 785 773 720 788 775 690 644 669 797 688 533 756 649 678 761 695 601 734 617 780 581 746 751 742 756 623 510 635 627 652 793 589 783 634 540 550 744 584 729 608 700 782 661 787 613 671 683 581 773 588 555 552 572 795 708 705 714 690 663 792 584 511 516 795 717 657 549 622 545 700 782 557 542 646 688 544 515 603 600 744 559 708 588 578 515 608 629 717 591 615 578 731 629 683 603 629 719 511 578 771 584 533 511 640 697 773 754 572 572 576 538 729 797 561 634 729 693 620 646 595 513 601 610 557 596 751 613 703 547 688 754 533 610 510 797 584 511 708 562 603 630 710 674 744 783 528 601 751 569 564 763 603 564 564 627 608 569 724 578 763 532 710 569 569 686 591 657 617 572 615 756 634 632 678 646 622 737 542 792 617 588 748 589 629 734 620 734 564 547 525 703 574 705];
maxBuses = 6357;

baseMinutes = 200;
costBaseMinute = 0.2;
costExtraMinute = 0.3;






